70158
8290
70583
76408
72668
77112
72327
11352
8256
78519
72179
12511
76076
76345
83260
10511
72144
5589
5199
5604
75389
8379
78504
75291
70399
84400
80224
3087
70444
19382
11370
10232
79244
48089
72454
3247
10120
9304
72721
10641
83063
71199
10044
2103
70586
78054
76518
11350
5597
10385
79335
9563
10411
5607
10688
5736
10713
77209
3150
72104
49052
75387
75219
78141
84011
70614
9383
80236
9560
10240
84233
49110
10392
4238
84029
6424
75217
48110
12059
8384
78191
76454
72110
77250
75624
9199
5552
70217
78345
70587
19154
77362
10549
11622
78502
72008
70348
10315
5449
75235
10266
19153
77197
10194
12320
75289
3219
3074
76270
75222
8097
83314
83061
7161
2115
77115
3178
9385
7039
4005
77336
11620
70466
77231
77245
76112
10468
76264
75645
72246
5347
9164
75266
72192
5583
9226
2164
76685
4105
70533
48056
10202
3291
10570
3073
78111
10059
75257
49014
72083
76456
11538
70597
10042
75210
76494
1151
70609
76646
70147
76417
8188
10048
5403
70250
7185
8230
2229
3135
77193
72566
10394
4036
11379
10400
82060
4173
70248
78130
9343
48029
78391
76176
76500
6549
2027
10423
10651
9356
3068
70589
78499
5074
9309
70459
10432
70414
49114
75687
3083
70410
75203
75236
10554
5453
10357
84295
5277
4116
48038
7003
19111
76406
10126
9286
3669
75520
3334
75225
75209
3001
3248
6491
5328
4027
48006
82026
8359
4071
78394
9217
77223
12202
83459
7167
78138
72739
48079
4148
5280
75299
8120
10246
9215
8281
75463
1596
76008
8339
7009
10276
10478
48002
75491
83318
6141
80230
10110
11491
78623
10595
78142
11353
75296
78614
10441
10308
3003
70129
78404
12614
6506
78231
72102
70339
76692
70011
83288
84213
75631
12611
8361
10701
72481
8251
49128
2270
5611
70566
11368
9282
10058
76489
75394
6349
49127
9345
9166
9520
6443
77260
75678
75503
48030
10380
70517
10620
5600
72508
7004
10539
71268
5135
7066
7172
76130
7130
79261
2126
75453
9331
11351
75527
2152
12043
75361
75359
82046
72696
77409
12239
5092
75752
3637
49054
75300
7072
19170
6134
72752
10117
8095
49123
48123
72603
9169
5507
6077
7152
72559
10567
19108
9285
72623
6407
72043
70213
77259
7202
84354
8334
1576
76217
3076
70175
3569
3136
76355
72731
11337
5254
84245
70522
76673
76470
8410
9547
10489
10428
2198
10177
70242
75607
49093
5459
2040
4033
7148
76650
72109
72098
75658
9326
4102
76141
76139
72172
12315
80196
7011
5262
5132
4197
75286
12498
75749
75202
72076
84449
11487
11357
77298
78053
75656
5652
76007
72682
7020
77327
4032
10211
76190
77288
11675
10369
78205
9335
2203
7176
77329
78277
75259
77166
78507
75208
72459
11500
70512
76652
77266
75615
7142
76089
12115
3147
77246
83174
12061
75290
79051
75121
72760
4043
80118
5746
9403
77217
3156
6411
84019
71186
10384
78501
10073
72610
72585
80174
75110
79006
6562
10223
9404
77201
8582
19197
11335
10424
6345
3603
9256
7024
48088
7016
12476
48099
7036
76490
2010
8375
9279
78410
12125
76099
72004
84037
10571
10108
11637
74425
75227
9341
70246
19185
78196
75547
11334
78590
84448
19172
79324
75006
6089
70559
75367
10461
76519
4175
72423
70601
84803
70102
72588
9323
12651
8313
75238
10407
3059
4158
75573
3159
10264
77270
10379
12189
76653
9397
10591
19050
5642
11308
78515
75402
72569
10594
10587
10586
78092
72450
75648
1566
75561
10301
5580
9290
2180
70206
6414
11385
48058
82039
10396
9216
77164
9380
19159
70531
75388
78252
19118
4095
76256
4235
84157
8233
72148
70378
76367
7168
48090
72155
4179
84215
7187
8411
10133
6143
72518
77124
70117
72519
3079
12354
76486
5151
49125
10566
5759
75382
10100
8161
75106
4068
5555
2107
11312
4090
84398
70574
72188
2090
78529
2128
75772
48085
5250
7034
6259
70382
84192
2193
72007
76253
11556
11306
75518
75074
72660
72106
5733
4159
70331
83266
5085
77285
2058
10453
6139
19158
10122
10198
76075
4226
75576
12383
8254
76461
78513
77140
72753
49126
9344
10209
80198
7015
83340
10078
7200
76423
75682
10404
84185
78611
4034
75727
10632
49047
78275
8139
71104
70509
9342
5461
5072
10292
72738
10548
76325
49120
76701
71185
9546
7076
12430
10148
5148
83372
75553
10583
19135
5122
80405
10221
8374
75497
49053
10205
76165
9264
10066
80592
80157
5063
80222
78393
77292
70334
11639
75710
5613
77212
49090
9294
7099
71086
10176
9337
75751
9253
78078
75427
75540
77146
49149
84200
76364
3577
4085
78620
8241
80424
84008
5055
72592
72649
9207
70617
76495
72625
19127
76649
2026
4181
75301
72716
11676
9417
5662
75776
77370
76159
19383
10150
77156
10231
10220
10184
78512
78343
1556
80442
9329
77179
7022
75643
7056
4145
9568
19183
10204
12279
78503
76462
76180
6076
76145
9324
8356
19123
77407
12417
80148
76363
70340
80204
5208
48021
76520
5635
10430
9372
76512
9333
72761
9283
72198
19313
72269
80165
80197
19122
72113
76416
8306
9355
5311
76688
78004
76255
12305
72096
2034
7087
80160
75780
75303
3218
10216
9189
78055
19049
76324
78163
76651
78132
8249
4160
72064
10219
5171
76690
72285
10343
70211
19167
6387
7060
48075
19039
76317
10460
76648
48091
75033
8162
76499
8289
5166
75280
78225
78261
78165
11327
8288
75728
8364
5758
70284
10402
7012
10112
7203
75664
5094
10075
75428
11502
10476
7080
72156
80220
75674
78160
70288
3201
72162
5383
5160
75273
75297
78144
70209
10062
4107
83348
1534
5458
76661
11309
4141
72748
9213
70212
9298
10144
76466
70486
19128
76533
8172
78050
75608
10416
75676
75552
76360
10349
75108
75079
9191
73110
3210
5190
75543
5211
84243
71193
19008
75274
84312
3085
77189
5352
11628
19092
78087
5336
10387
49094
10475
84108
10414
7031
79011
76483
84031
5105
8291
72654
77210
76318
10279
7029
72055
72281
76275
10323
76321
72661
49070
70328
11473
5292
83369
11374
83262
76644
10653
76421
5287
77242
70345
3234
48071
7180
83350
77152
8321
75740
9370
80172
9511
6256
84315
76243
70499
2062
76284
80113
77130
49129
71146
8150
7156
75254
5358
75699
49058
74438
77397
70118
10584
72577
8347
48069
7174
