10620
1010
4197
8306
78614
5287
9127
2198
10566
77112
3008
76646
78275
75033
71199
75236
11637
76489
70175
11411
8379
70242
82060
7029
78004
76324
8217
12115
2128
7022
77801
75520
72623
72007
76317
3424
2164
10202
11056
4105
75500
4226
75293
78499
76470
9370
48043
5055
5033
77156
76466
2226
7039
78512
2026
70617
7174
10329
49099
3068
84447
8230
19153
8162
12098
8198
6065
84019
3180
72588
83348
11379
83323
3404
10120
77298
78055
72113
49048
5555
11365
70152
70021
7202
72043
75674
78182
12651
10524
78510
12383
70331
49110
79335
10015
3292
76295
49149
10583
3367
75239
78205
80424
11368
1596
9191
2126
75235
71165
11334
75367
74431
49047
2115
2193
75697
8359
9282
7012
10589
80230
10549
76653
11414
78196
10266
9207
7099
7047
75758
6506
6089
7152
79001
10455
9547
8288
2010
76673
70169
6407
71277
70583
11370
49128
11487
70180
75297
10701
9436
5453
76099
83350
76147
12305
78235
5250
76289
3003
77250
2106
6424
8134
3073
5736
9429
77397
76417
5311
5292
75780
70589
6103
70566
6345
77146
10198
9345
80405
3234
8410
6443
75683
3407
7076
77329
10394
6096
10416
75263
10240
75491
76159
10221
4027
83260
77336
8254
5072
72481
6411
70522
8095
76661
83174
10075
7172
84078
72566
10519
84213
76669
78225
12412
70597
10058
10554
7190
83063
5074
6190
3017
3074
3383
19143
72577
9329
75631
48090
78011
83369
19154
75463
78393
11536
8374
76165
75512
4240
3083
5507
9166
8347
9803
76275
76499
73186
8188
19383
83340
72162
5254
5580
10475
10453
11805
76325
77407
10110
3564
49054
75615
78144
4102
6076
8120
78345
75427
11639
4116
78173
5148
19135
77246
80197
10223
6473
9417
74413
4160
71104
10292
76176
70246
5597
6181
9372
83437
12040
9563
70120
9546
10571
76461
9217
75211
76130
72761
5211
83314
12652
83137
12222
82046
11335
75469
10539
76533
78017
49052
78013
78141
7060
75684
8281
10328
3156
11675
10133
70129
76500
7130
76701
72661
10694
10073
70382
70212
10505
78092
7066
72198
2027
8155
77362
78504
10059
72518
19063
19167
19159
3310
6334
11620
75403
10031
8375
3315
78613
19049
11634
11357
78623
19190
84448
70557
70118
72654
19039
78252
10387
6323
4235
10385
5673
83385
70614
7108
3087
7148
70444
4173
6155
72744
3627
19128
4090
82023
78404
12315
11676
3171
10342
3056
11801
4005
5024
8326
3603
9169
10215
10308
78502
72592
75687
70098
72696
3076
70410
75658
12415
77370
9215
6194
74410
80236
77245
75387
75608
6159
75267
7203
10306
7098
11412
71268
70299
75648
78111
70298
76320
6171
80172
5583
78501
4085
83460
11622
9264
7168
49114
5607
71186
71241
4175
6067
5085
3085
75428
75203
10423
10584
11061
11415
10392
76454
12511
10048
75259
11628
1566
83459
76089
84192
75326
70217
75368
9520
9342
11499
11351
75287
74425
6162
72281
4095
10305
76363
75121
10557
12014
83214
6373
9290
6444
49058
72008
3293
80160
11386
78191
80204
9022
2139
48071
8321
7031
10042
3201
70158
72721
48006
77339
78394
77189
10632
5277
3222
76690
70309
10587
10608
3518
9383
11332
11337
75266
70156
75394
11623
77130
75518
10430
75573
10194
12127
10216
48079
72144
8412
8356
9323
8291
5202
70540
5135
6414
77292
75110
76492
6060
12430
74438
2058
10444
8246
78165
75453
77152
3597
82050
83150
5328
3630
77348
70378
70167
76007
10177
6349
70213
19118
72559
76423
70102
9404
9341
3159
84011
76649
5613
12202
5013
9294
11308
5132
10713
10021
77288
77179
6180
75527
19115
77409
78054
5358
78138
9343
8097
75119
10693
11534
8361
8411
6108
5758
49095
76462
77231
7072
10172
75359
5336
9256
77159
10220
10369
11502
10532
5171
71086
75328
72096
19382
3365
3344
10066
75274
83266
10384
78391
9253
49055
10298
76644
7197
76519
71085
5461
71044
11575
70512
11473
76408
6218
84346
3001
7015
10509
8251
6167
5347
75361
3341
5280
71109
72083
2180
11384
10176
72668
76321
7096
80222
10251
7176
72246
10205
72459
78507
70147
10010
6550
4071
76217
72055
10310
9385
8364
12061
2090
76416
70230
70238
72450
76263
80220
9079
78529
9213
75198
70293
76318
10264
9115
10641
8139
8313
78078
3334
11500
70295
75761
80157
48085
79261
71146
9333
10594
78016
8384
10653
72454
77340
72156
75477
70275
3102
75543
19169
3147
70215
10424
78188
7161
10428
11327
84173
76518
4158
7185
10489
8172
9380
19088
19197
12614
8059
49030
10211
3405
72106
9049
9164
78234
48021
76702
10556
8209
6256
76112
4107
78334
76495
77124
10246
70221
6105
10277
72090
19183
84108
72285
83249
73190
6562
75646
10219
10232
10644
70345
7187
6134
10112
9568
9304
6319
6491
5063
1801
49090
5122
75740
8290
77116
78146
10567
5733
5262
8241
75772
71193
11526
75286
7112
84039
6479
5664
70036
6259
2014
75296
9396
3229
12498
3136
79051
10461
19016
11312
83338
7180
2013
11558
3135
8403
10411
6507
76253
5383
10279
78513
76139
12059
2107
10233
72682
9226
6077
10122
5652
75106
77132
70574
8204
72192
10062
10488
70609
3577
10349
3252
4043
9337
19185
3248
72748
12244
83286
2148
70043
80148
84243
76692
75421
49129
10315
11592
84453
75699
78503
7171
75749
5352
7053
70850
3219
72110
3669
75547
11372
6237
70533
78142
9403
84029
9286
8099
3445
11309
70509
5458
70250
72738
70339
78801
4159
5167
70292
10432
3579
72752
3414
75552
10100
9285
10476
8161
76284
2103
2097
2057
77266
72423
5105
78515
72569
10651
1556
77259
74428
84031
76075
19008
5160
72155
19123
6175
8249
19092
77285
2017
78509
75317
6133
19235
10117
11571
77164
82039
19114
84037
12402
10570
75284
80118
7091
4034
5662
48002
7064
84200
75643
48075
75540
11306
19111
78620
6485
10595
7003
75627
70827
10591
71185
10379
75511
75006
77260
6128
10044
5600
3021
5166
19313
70348
72625
3247
8084
10150
7142
3042
76651
72508
75222
77115
12010
70414
11491
78202
10623
75265
75314
9112
6139
11542
1619
77210
9116
76364
78231
8296
4033
7016
10400
48069
10259
70611
5094
6387
75530
8334
70601
7009
10407
84008
72109
75776
8219
7034
5217
72731
70002
80592
75656
7200
78261
75311
70085
8184
77242
19108
12043
6207
11496
10231
3095
5208
10132
75727
72130
6456
19381
7167
8256
7041
6086
72585
12189
80442
2034
70605
12320
72716
5449
75635
76650
75751
7011
78611
84449
12417
12611
10108
83374
76243
5746
5759
78410
76256
6211
48030
5092
3291
76355
9415
6084
76145
78563
10396
79006
11364
70842
78519
76483
2152
49126
76421
77166
80196
76406
49127
5190
4181
10625
10688
9199
75108
3059
9335
84185
78053
10357
77209
10209
3569
9189
82026
70091
72148
8150
70121
3246
75217
5370
9283
84398
49053
75210
9309
6178
70328
8091
10126
76648
75280
10414
83161
75402
6116
9406
19106
49093
76685
9397
9324
75645
12239
76652
12554
78160
11538
7080
80174
76255
79011
75225
3625
9356
10301
19172
83411
9331
6229
75505
70531
83454
6549
10024
77270
48088
5403
6197
70011
75221
19122
4238
12129
83061
10148
5199
6488
75553
70206
3096
70150
19158
78590
11563
4032
75299
12125
70466
6295
3169
10276
76367
10380
49014
9511
49001
79244
11385
76270
74416
78277
83183
7104
75300
70209
82010
70066
75579
76190
84400
19050
76180
9326
1151
78021
8339
75503
76456
3554
83481
2021
75480
6563
10478
2122
11353
75501
77311
70596
72519
75291
78163
4148
9279
5642
72076
48038
70117
3178
76520
72327
77140
9002
3329
70211
77212
10204
72760
75719
75301
70586
78106
78135
76490
79324
3264
80113
7036
4141
73110
75227
11369
2270
72739
72753
5459
5611
7156
6143
10338
7024
48091
77193
12136
6141
10006
10137
72649
75619
2229
72104
70459
76360
19127
11619
3079
72064
75079
10441
75561
48089
75382
3014
10184
78568
76264
4036
5635
83372
75752
72004
5052
3106
10323
9125
11352
10144
75710
75111
8323
75678
78218
70031
10168
80165
12279
3271
72188
49123
70499
70494
11524
7102
75219
75624
12092
10402
19121
7062
77276
3821
12476
83236
49120
10078
10060
11350
75388
76076
5552
1576
75074
70340
6187
83262
3225
70559
78130
84119
78343
70288
84344
11048
70334
11574
49070
78132
8145
72102
5263
7056
70486
19170
75320
70616
80224
76345
72179
83318
6239
76654
75682
11374
72269
4068
76494
72095
77223
75728
9053
70227
71067
8233
10548
75389
8182
5604
10586
84215
7087
10468
84401
48029
72172
10331
3637
8289
75720
70248
77327
84347
6568
76688
70270
8013
2040
3163
75202
9355
10002
78050
3133
9344
5589
78164
76141
5151
12346
76486
78087
70207
5128
76008
70517
10071
70271
10134
80198
75238
12354
76512
78229
3113
72660
83288
4012
70302
75450
3210
