6096
70605
3102
72761
83161
5673
9333
77112
76520
76320
7176
76318
75553
75326
10132
5758
70459
72569
10266
49055
10231
48075
72585
72623
11524
10100
75110
7024
12059
9415
70215
70533
80442
72327
70559
49093
70242
75235
2021
3234
49090
75239
8356
8313
4240
49014
10455
70295
3367
12040
70298
76317
77348
9264
83318
70597
70540
76416
76159
10015
77276
10328
77311
19114
2106
75202
75259
73190
6103
10379
10369
74410
3210
78130
77156
8246
10461
10476
5211
12614
11061
12043
19122
72753
70230
10548
70827
72696
8145
78021
10625
19050
76147
77409
10623
2148
72744
9207
7098
8306
70066
7152
8403
70217
3341
8375
78054
9324
10693
3627
71193
75643
79001
49123
11622
75236
3180
11370
10108
3042
78529
75512
3074
75776
9341
9215
72148
75299
10329
3087
83372
75645
78053
5604
76345
7076
76008
3365
83454
8290
5217
80148
8219
8233
70102
6190
10220
12129
10240
78135
72007
75728
9309
10566
49047
6218
75740
5094
76139
78138
11327
5033
7174
11364
4033
84037
80198
12412
7011
75382
4175
8374
7009
6162
78519
83286
84215
76421
2090
11538
70486
74425
4173
7108
77115
10583
6414
75389
8182
11308
75749
76690
3310
70414
11372
77339
9803
12430
75500
76408
75561
75222
3163
4197
4071
84078
5208
72760
2034
84011
10380
75573
72064
75284
10071
10150
3003
4034
77130
10117
76470
3178
84449
8095
8281
78013
77212
4158
6207
10202
80220
77231
70331
5135
72102
70850
75543
76646
19135
75727
6562
9345
78507
2115
75527
77370
75361
10006
77166
75547
76702
76651
3106
19158
10428
84448
83061
75394
70118
5403
9511
78164
12127
3147
12061
80118
71109
3076
76145
75111
70098
3079
2013
12402
4116
76648
72090
12244
76141
10062
72519
3171
5024
19197
75317
5171
8347
7104
82060
7197
72109
77210
6259
3315
70614
49129
12415
9326
3135
70085
5600
10198
10505
9335
6387
72660
72110
76130
77164
8291
78620
10232
72654
3564
6345
70002
11526
3424
72588
84173
72668
49149
5013
5352
6334
75530
70601
9166
11502
19106
10279
75006
9022
4235
49048
10078
84447
6256
49126
11499
3669
72566
84031
79006
3821
77250
12417
78087
1619
79011
75314
19153
72055
1576
4005
84019
10342
76253
76217
84119
9396
70574
3579
6568
77329
19127
3271
8059
78410
72096
6077
10400
1556
4102
70288
3068
48079
75710
5459
70328
6444
70175
3229
10075
75265
7142
11306
70250
75751
5311
10276
83183
4238
7080
75780
76355
72155
48069
3001
11473
10073
70596
70147
49110
9053
49095
72179
11558
2139
78510
8326
10176
10331
75211
2010
83338
72739
4036
12652
9217
10184
9213
10137
9355
7047
70213
9429
4090
70117
2014
10539
5613
76650
5580
5160
76325
12554
72269
10209
75552
3059
3083
6491
10570
11386
74416
7041
3056
11534
76289
78163
72043
9002
9290
83323
5583
72752
78055
72198
75697
70334
49099
83266
78205
70586
7053
76462
9226
80236
72106
77124
75505
11357
2164
7112
11496
3554
49128
6323
75297
3021
10357
9436
11374
10430
8097
77259
84347
10591
77189
11056
19382
11352
5132
11365
84029
5358
75074
49001
76500
2126
10215
8321
76466
78404
48006
10407
78590
9403
19121
5458
75203
11335
72423
77209
10644
19154
83460
10549
19108
10432
10651
83350
78235
76486
77298
9383
75267
6065
76255
70158
19169
7039
10416
3344
72076
10338
78191
9546
3136
9191
75359
76007
83314
70617
48043
71104
19092
19123
5642
49052
7167
7148
75463
5759
76180
10301
9563
75453
11312
10509
3017
2017
76483
70340
76653
3569
9356
10010
75772
75227
76519
9417
72281
8084
10411
4012
9337
78623
10122
75501
9112
10264
11619
5461
8209
9329
83137
5589
76489
9342
3518
11353
73186
77288
70091
76406
3329
12651
83260
76492
3008
75682
76176
9372
78613
6076
10385
75079
10277
10489
2027
75421
76495
4107
49127
9189
75106
48089
75287
76364
48029
5254
6084
80197
9385
11592
70611
10632
72285
6473
72004
3095
7036
82039
12014
70444
11415
71165
78132
9304
78275
19049
72144
8384
12315
79324
70378
70557
75293
75119
11414
8091
8334
2152
19383
83411
3405
72113
6237
77245
11801
70345
70129
8217
72095
77270
10688
7062
75311
2057
19313
70589
82023
73110
76284
78277
10211
19172
3414
75758
11563
5733
72083
7187
7034
78231
75520
4226
9079
83348
76263
5092
6488
78512
11048
70499
72731
7202
10110
5190
5597
76518
10031
70466
4095
10554
78504
10144
78345
75719
72188
6373
75624
6563
8364
76512
9049
78078
4181
10066
6194
12115
75752
2180
6086
80160
5292
11412
6139
48085
75403
19111
7022
75503
71185
4160
4043
70309
72577
71085
76649
7003
70616
75658
80174
10387
3014
10414
11385
75699
8379
10349
10532
70410
77285
76669
8162
4085
3293
9404
3133
75648
75579
84344
9199
9164
5250
7185
76270
75108
48030
2270
70021
76423
10168
70509
74413
9286
49120
76112
5555
1566
10292
76275
76321
5277
2058
12498
70494
6550
10475
8099
8120
78050
3219
5122
8134
75368
76264
5370
10216
76654
7015
84192
75286
10694
10384
19115
3246
10396
70609
8288
76363
9331
7087
76367
70302
49058
6060
8172
8410
12279
75388
6507
11334
8323
5262
5287
3637
70293
76099
83340
11542
75266
70227
19235
8289
72481
7072
76076
78501
77223
10120
79051
84346
7031
72162
5055
8256
9283
76661
6197
83369
10024
10594
5507
8241
84453
3292
11620
5280
72459
7091
77292
70120
78182
9115
70566
10112
72192
77132
72716
5166
83063
10653
12092
76089
4068
78092
75198
70512
9256
2107
76688
10058
76461
78141
10620
78142
12202
71268
78017
8361
6167
75238
10567
77340
12125
7064
3625
77336
75678
10021
12222
9380
10306
49070
5611
75761
5449
8412
76533
6105
7099
70292
3334
6456
75301
78218
11500
8296
10584
6155
83481
71146
19381
1801
70221
78188
19118
3248
74438
72649
70348
84400
9370
49054
4027
10172
84200
75687
78202
5202
11575
12511
7130
10233
12611
19190
10392
78391
74431
80592
70121
77159
75683
78563
8249
6143
2128
19167
6349
72738
75477
6159
9323
10310
78252
4141
7180
11379
6239
12476
10059
75608
8254
10641
78004
5635
78393
76075
8204
78503
7060
19039
48038
84401
10315
75619
75631
76652
2103
12136
19008
10308
82010
49030
72682
76494
77246
10453
12189
6134
5105
79261
10148
6171
72508
78513
3096
11574
9568
3407
76324
80172
78509
6443
70043
3577
8184
77397
78515
70150
3156
70206
78234
84213
3169
49114
78334
75480
75646
5347
75674
75615
2097
82046
82026
3404
75469
6295
77193
75210
9285
6133
72104
78165
75427
80157
2198
12383
10713
76190
77327
1596
9125
6141
76243
82050
70299
10424
5607
9343
3159
70270
5074
76165
72172
10223
78225
10298
11637
71044
10204
78568
8411
6319
10587
6229
19088
5148
75280
5746
5085
5453
83174
77260
11411
10701
9406
75511
76644
11639
5263
10323
3201
80222
78111
10444
10205
84185
3445
76417
70152
11332
76499
72748
80204
70169
6407
11676
5736
6211
8359
76701
49053
78611
10259
80424
9282
7096
75300
