9122
9124
9134
9138
9204
9223
9235
9237
9297
9301
9312
9316
9319
9503
9566
9302
10317
10338
10573
8317
8412
9371
9401
9422
9499
9427
11536
12123
12346
12401
12402
12652
10511
10693
79001
75033
75058
75119
75151
75156
75168
75176
75190
75196
75201
48097
72039
72090
72095
72130
72239
72427
72729
72731
73186
73190
2017
2057
2148
2206
2208
2227
2258
2269
9588
6133
6159
7062
7064
7096
7098
7102
7104
7112
7197
8099
8129
8134
8145
8155
8184
8198
8204
8209
8217
8219
8246
8323
8367
8389
70390
70393
70579
3507
3881
1563
49001
49017
49030
49048
49055
71018
71044
71067
71068
71085
71092
71096
71109
71126
71131
71139
71140
71153
71165
71168
71239
71241
71245
71258
71260
70361
70363
76147
76553
76619
76654
76655
76700
70091
70098
70120
70121
70135
70139
70150
70152
70153
70156
70163
70167
70176
70180
70207
70215
70221
70230
70252
70270
70271
70275
70291
70293
70298
70302
70374
70376
70377
70458
70509
70549
70584
70623
70205
70085
76504
76550
76556
76594
76596
76597
76601
76602
76603
76611
76614
76620
76627
76628
76634
76638
76640
76642
76656
76665
76674
76675
76676
76695
76696
76697
76706
70616
75368
75480
75500
75505
75512
75536
75579
75716
75758
75111
75221
75239
75241
75263
75265
75292
75293
75605
75646
75683
75684
75692
75697
77116
77132
77159
75267
75287
70403
70408
70486
70494
70540
11551
11555
70021
70025
70027
70031
70036
70043
70295
70311
70557
70596
75209
75211
5036
5052
5082
5128
5167
5216
5217
5237
5239
5370
5420
5440
5529
5539
5749
6479
6485
6507
6574
76263
76270
76345
76351
76492
76669
76705
12040
19087
19106
19115
19381
77276
77311
6319
7006
7008
3056
3155
3157
3163
3175
3252
3355
3554
3581
3630
19008
19016
78596
84008
84009
75619
80218
75306
75309
75311
75332
75333
75336
75337
75339
75343
75348
75501
75511
75530
75469
78052
78082
78106
78109
78135
78164
78173
78182
78188
78202
78218
78229
78509
78510
78563
78568
78613
75635
3277
3341
3414
9384
11364
11365
10137
10139
10168
10174
10277
10287
10298
10444
10488
10557
10589
10660
74410
74434
76663
76664
76702
11575
70002
70624
70238
49103
72745
74416
70575
19169
70569
1593
5740
2202
48002
2187
12136
9522
5674
70611
2192
4212
5673
75198
10341
5081
9521
1538
71267
5202
76704
76491
9396
11372
75200
11332
11369
11384
11386
11390
11499
11592
11496
12098
12222
11527
12092
10172
10519
10623
10556
10305
10059
11574
11639
11558
10378
10342
10103
10111
10127
2027
