10059
10103
10111
10127
10137
10139
10168
10172
10174
10277
10287
10298
10305
10317
10338
10341
10342
10378
10444
10488
10511
10519
10556
10557
10573
10589
10623
10660
10693
11332
11364
11365
11369
11372
11384
11386
11390
11496
11499
11527
11536
11551
11555
11558
11574
11575
11592
11639
12040
12092
12098
12123
12136
12222
12346
12401
12402
12652
1538
1563
1593
19008
19016
19087
19106
19115
19169
19381
2017
2027
2057
2148
2187
2192
2202
2206
2208
2227
2258
2269
3056
3155
3157
3163
3175
3252
3277
3341
3355
3414
3507
3554
3581
3630
3881
4212
48002
48097
49001
49017
49030
49048
49055
49103
5036
5052
5081
5082
5128
5167
5202
5216
5217
5237
5239
5370
5420
5440
5529
5539
5673
5674
5740
5749
6133
6159
6319
6479
6485
6507
6574
70002
70021
70025
70027
70031
70036
70043
7006
7008
70085
70091
70098
70120
70121
70135
70139
70150
70152
70153
70156
70163
70167
70176
70180
70205
70207
70215
70221
70230
70238
70252
70270
70271
70275
70291
70293
70295
70298
70302
70311
70361
70363
70374
70376
70377
70390
70393
70403
70408
70458
70486
70494
70509
70540
70549
70557
70569
70575
70579
70584
70596
70611
70616
7062
70623
70624
7064
7096
7098
71018
7102
7104
71044
71067
71068
71085
71092
71096
71109
7112
71126
71131
71139
71140
71153
71165
71168
71239
71241
71245
71258
71260
71267
7197
72039
72090
72095
72130
72239
72427
72729
72731
72745
73186
73190
74410
74416
74434
75033
75058
75111
75119
75151
75156
75168
75176
75190
75196
75198
75200
75201
75209
75211
75221
75239
75241
75263
75265
75267
75287
75292
75293
75306
75309
75311
75332
75333
75336
75337
75339
75343
75348
75368
75469
75480
75500
75501
75505
75511
75512
75530
75536
75579
75605
75619
75635
75646
75683
75684
75692
75697
75716
75758
76147
76263
76270
76345
76351
76491
76492
76504
76550
76553
76556
76594
76596
76597
76601
76602
76603
76611
76614
76619
76620
76627
76628
76634
76638
76640
76642
76654
76655
76656
76663
76664
76665
76669
76674
76675
76676
76695
76696
76697
76700
76702
76704
76705
76706
77116
77132
77159
77276
77311
78052
78082
78106
78109
78135
78164
78173
78182
78188
78202
78218
78229
78509
78510
78563
78568
78596
78613
79001
80218
8099
8129
8134
8145
8155
8184
8198
8204
8209
8217
8219
8246
8317
8323
8367
8389
84008
84009
8412
9122
9124
9134
9138
9204
9223
9235
9237
9297
9301
9302
9312
9316
9319
9371
9384
9396
9401
9422
9427
9499
9503
9521
9522
9566
9588
