2203
11352
72577
5085
77409
4148
5635
75676
2106
79244
5461
9216
3488
8230
10329
9125
9169
9189
70378
7167
8403
8150
11524
6139
5151
5613
3073
10042
3147
6143
9568
75382
2026
7031
10430
5555
10328
3003
12631
8241
2198
8334
11313
75687
71186
19159
5453
10455
4032
7011
4141
12315
4235
80172
5135
8120
9563
10110
2102
80592
3569
6349
79006
5459
6259
70284
3334
7174
70331
4158
11334
5277
10468
71104
9370
12383
70175
75320
8379
7029
3669
3201
75359
77246
3150
8364
2126
8289
5254
75006
9283
3603
75303
19158
9546
8097
72156
80222
75257
12412
75106
6086
70414
9380
8161
75280
10058
77362
75273
12651
75710
7015
6256
5148
4173
9355
77124
2193
75608
7187
5208
7020
75682
12125
6387
10060
75727
1566
9337
75219
10126
7156
4105
3219
75238
4175
3178
79011
3079
9164
6424
7161
2010
49123
9344
9385
7072
9329
7200
7130
77193
10078
75624
4102
3218
4012
2107
9207
75286
7180
5604
3135
9294
71193
7022
5072
5055
8281
7171
75259
8251
19049
9345
7024
75225
80198
6491
5607
8254
2128
10075
5600
10108
71086
5358
77140
5552
70466
1596
7036
9343
8375
4090
6084
9335
6076
8313
5292
10062
9520
3210
9397
10387
9282
5583
5352
75074
9191
8306
8249
70328
12239
5199
9309
8384
5611
80157
5580
75658
9285
10066
75627
9253
5160
19153
4160
6443
10432
3074
9215
8347
5211
75236
6134
4116
4085
10059
6562
7012
11353
75367
2115
72269
10100
5336
6373
5403
72566
12189
11309
2043
5311
6563
4027
75389
5262
49058
3014
75266
9116
10232
10571
6345
11538
9166
75656
5063
9226
5589
10478
79261
9127
5664
72660
9341
3136
72043
77112
5122
72623
75314
12115
8139
4034
10251
2152
6407
6414
5758
5746
5736
70444
10048
8172
19050
72450
4071
3076
9298
75317
9279
12430
11351
7172
80197
2090
12611
19118
70605
5190
3310
6549
9342
3087
3085
75497
5250
9356
10453
5166
1576
72654
10204
72625
7168
11350
70217
10044
6506
7202
75648
77166
75427
75576
3292
8339
19154
80196
4179
2180
4107
7076
77146
3008
9547
3637
9511
12059
77179
5759
3248
9256
5347
3059
5652
2034
4238
5449
4226
3068
19122
77250
75217
49070
75402
9333
19063
8361
8374
6411
75645
5662
2229
5733
5328
3234
3017
10120
10475
9383
9560
3156
4095
5280
9112
75296
9217
75297
11337
71199
75553
75235
11335
73110
3159
5507
3180
9323
2040
8410
9417
2103
4005
4033
19039
75254
48079
10246
7004
9115
7176
10073
72459
10177
12244
12127
8095
70011
6089
75222
70212
