3001
12554
5746
5746
8376
3159
12554
5746
8376
3159
74438
84245
10015
78519
3293
49128
12244
76461
75296
12383
75303
3407
70444
49127
5597
8091
4197
10549
84026
4175
76533
7148
10205
5211
10369
4160
10411
10184
78011
48056
78334
7152
76685
76270
8162
5555
48021
76500
10266
76486
78021
82060
75518
78165
4141
70102
80405
72761
7156
4181
72753
78163
75074
70509
5552
5611
84302
6414
5613
75607
48079
76367
75382
75280
76652
84447
10133
9164
5148
11357
19185
8403
72004
76141
77156
7015
7080
70339
75658
2229
5736
12554
5746
8376
3159
74438
84245
10015
78519
3293
49128
12244
76461
75296
12383
75303
3407
70444
49127
5597
8091
4197
10549
84026
4175
76533
7148
10205
5211
10369
4160
10411
10184
78011
48056
78334
7152
76685
76270
8162
5555
48021
76500
10266
76486
78021
82060
75518
78165
4141
70102
80405
72761
7156
4181
72753
78163
75074
70509
5552
5611
84302
6414
5613
75607
48079
76367
75382
75280
76652
84447
10133
9164
5148
11357
19185
8403
72004
76141
77156
7015
7080
70339
75658
2229
5736
11502
12498
11622
77166
6077
5652
76363
2027
7041
7087
83372
5208
8339
10453
12315
75627
10122
5604
72588
84213
76423
75394
10058
4145
82039
3135
72508
9345
75491
3225
72055
79051
84449
3087
6295
48088
10414
49054
72610
48030
75643
3102
11639
49114
3059
9215
9370
76008
76489
70566
4102
10632
78504
72731
78503
48099
72162
75225
19111
6259
78393
77115
3234
12061
77250
10554
75367
8059
9397
75728
75576
19039
76284
72285
6562
72454
76408
3003
19183
10202
77260
75227
70242
70175
10301
10120
12430
9253
72096
70617
76520
84295
78801
9053
72179
76321
3603
72191
10204
72748
4226
75727
76325
77801
76256
8254
75751
3008
49047
1151
72569
80197
80148
5358
9385
10198
76650
2026
19197
10323
7039
2103
77409
6443
76490
76518
72623
75208
79261
72007
72076
2115
84400
72481
9264
10400
84342
77201
10060
10584
72603
75361
12014
3315
5759
78277
11524
78515
11412
8249
84243
71086
10701
77124
4179
8256
75749
4027
19159
70512
72110
11415
3310
11487
9372
9344
9166
12476
80424
80160
4105
76180
70118
5122
75202
78231
75273
7036
10177
84019
12202
7053
3068
80172
10292
76661
7051
70601
84398
10073
7022
76701
3079
19170
78590
2010
70284
8296
10511
3076
6491
10595
5280
80230
4159
8095
77292
70248
10570
48006
4034
19008
10232
10042
70499
7011
4033
72144
72008
84448
10144
12417
11637
19154
75674
78343
70583
10315
9331
76217
75297
76275
10404
8364
77327
76421
11556
77210
8306
75710
49123
10392
76253
70559
75780
7012
8334
70129
84185
7047
6549
3220
1534
11337
76318
83266
70212
9355
78055
72450
10460
76360
5403
8172
3083
6065
12010
10219
2164
1801
75520
75291
75203
83318
11676
6134
76519
10343
71185
7171
3669
5733
8321
9092
8013
10126
9290
71146
19118
5287
9309
9341
78141
3178
72102
12125
19135
6473
10279
2152
80174
5580
75079
9217
8161
77130
3085
9189
48058
11368
80592
10468
10328
78196
70331
75289
9286
5250
78611
12115
75453
84108
83061
76653
80165
78410
78499
6143
75290
12651
70246
3488
78252
78513
80196
2198
75236
8582
3637
80118
1608
77152
75645
79011
2126
78225
75286
10194
76165
12043
75006
9547
12511
9323
4158
72156
76190
8361
48069
72106
49090
48085
7203
9335
5449
8359
7060
19123
6076
76264
84157
4235
76364
10048
78404
75615
6506
72738
70382
10416
10428
75259
10021
76466
3219
75427
72109
10441
78087
5461
3074
72592
1556
3248
5160
2062
3036
9356
70605
75776
70340
75687
3222
48091
76688
10308
9329
49058
19050
10587
8097
75540
10394
8384
10424
9226
7034
10078
9546
3017
48089
19128
5347
6373
80442
10461
10641
10112
19087
10059
77285
76651
7130
84312
70414
9022
2180
8411
9169
77288
11351
75121
70158
75217
9563
83348
83369
79324
76462
76495
84215
11327
4068
70587
9404
75033
19383
72744
72625
5013
75664
10455
19108
71104
70486
10066
70348
84008
70533
76454
49110
76406
48029
72577
80222
12059
5328
77197
12611
7066
70213
11623
78013
77329
72654
48123
10423
4005
78144
72760
4071
72269
6141
72668
10223
78391
72518
5589
6086
80198
7076
72198
11335
3136
8230
4085
70614
76159
49129
4036
5055
75301
80204
9191
5166
3169
49126
75299
9256
77179
10489
75740
72327
70345
9304
5600
10221
6349
9207
5063
5459
19153
76130
72682
10387
11309
12239
72716
76417
5254
76512
77217
71193
75389
9213
8150
76673
5642
8251
76494
78205
9216
78507
76355
80224
72721
70117
19313
76176
11571
49095
9282
80236
6424
78345
78017
3577
70589
77362
10349
84011
10713
75752
48090
10651
5664
84803
9403
10117
3073
70609
77231
10583
1576
76345
9326
84354
2270
70410
3210
77397
72064
76648
8375
75402
75359
78512
80220
11352
83288
75317
78092
70517
70531
10100
77245
12189
78130
10591
83174
2058
71277
5277
9415
7176
76089
7174
19049
83260
