77166
77179
77193
77245
77246
77250
77362
77409
10042
10044
10048
10058
10059
10060
10062
10066
10073
10075
10078
10100
10108
10110
10112
10117
10120
10122
10126
10133
10177
10204
10205
10232
10240
10246
10251
10315
10323
10328
10329
10387
10428
10430
10432
10453
10455
10468
10475
10476
10478
10489
10571
10591
3001
3003
3008
3014
3017
3059
3068
3073
3074
3076
3079
3083
3085
3087
3135
3136
3147
3150
3156
3159
3178
3180
3201
3210
3218
3219
3234
3247
3248
3291
3292
3293
3310
3334
3488
3489
3569
3577
3603
3637
3669
79006
79011
79051
79244
79261
80148
80157
80172
80196
80197
80198
80204
80222
80592
48075
48079
72043
72155
72156
72246
72269
72281
72450
72454
72459
72566
72569
72577
72623
72625
72654
72660
72661
73110
49058
49070
49123
71086
71104
71186
71193
71199
76165
7003
7004
7009
7011
7012
7015
7016
7020
7022
7024
7029
7031
7034
7036
7039
7072
7076
7130
7156
7161
7167
7168
7171
7172
7174
7176
7180
7187
7200
7202
8095
8097
8120
8139
8150
8161
8162
8172
8188
8230
8233
8241
8249
8251
8254
8256
8281
8288
8289
8290
8291
8306
8313
8321
8334
8339
8347
8356
8359
8361
8364
8374
8375
8379
8384
8403
8410
8411
9112
9115
9116
9125
9127
9164
9166
9169
9189
9191
9199
9207
9213
9215
9216
9217
9226
9253
9256
9264
9279
9282
9283
9285
9286
9290
9294
9298
9304
9309
9323
9324
9326
9329
9331
9333
9335
9337
9341
9342
9343
9344
9345
9355
9356
9370
9372
9380
9383
9385
9397
9417
9511
9520
9546
9547
9560
9563
9568
75314
75317
75320
75359
75367
75382
75389
75402
75427
75497
75518
75552
75553
75576
75006
75074
75079
75106
75110
75121
75217
75219
75222
75225
75235
75236
75238
75254
75257
75259
75266
75273
75274
75280
75286
75296
75297
75303
75607
75608
75624
75627
75645
75648
75656
75658
75674
75676
75678
75682
75687
75710
75727
75772
77112
77124
77140
77146
77164
1566
1596
2010
2017
2026
2027
2034
2040
2043
2058
2062
2090
2102
2103
2106
2107
2111
2115
2126
2128
2152
2164
2180
2193
2198
2203
2229
2270
70011
70175
70212
70217
70284
70328
70331
70334
70378
70382
70410
70414
70444
70466
70605
11538
11571
19039
19049
19050
19063
19118
19122
19123
19153
19154
19158
19159
11309
11313
11334
11335
11337
11350
11351
11352
11353
11524
12043
12059
12061
12115
12125
12127
12189
12202
12239
12244
12315
12383
12412
12430
12611
12631
12651
1576
4005
4012
4027
4032
4033
4034
4036
4043
4068
4071
4085
4090
4095
4102
4105
4107
4116
4141
4145
4148
4158
4159
4160
4173
4175
4179
4181
4197
4226
4235
4238
4240
5055
5063
5072
5074
5085
5092
5094
5105
5122
5132
5135
5148
5151
5160
5166
5171
5190
5199
5208
5211
5250
5254
5262
5277
5280
5287
5292
5311
5328
5336
5347
5352
5354
5358
5383
5403
5449
5453
5458
5459
5461
5507
5552
5555
5580
5583
5589
5597
5600
5604
5607
5611
5613
5635
5642
5652
5662
5664
5733
5736
5746
5758
5759
6076
6077
6084
6086
6089
6134
6139
6141
6143
6256
6259
6345
6349
6373
6387
6407
6411
6414
6424
6443
6473
6491
6506
6549
6562
6563
